Московское время2023-04-01 14:28:00+03:00Универсальное координированное время (UTC)2023-04-01 11:28:00+00:00Модифицированная юлианская дата (MJD)60035.47777777778Барицентрическое динамическое время (TDB)60035.47862602021Земное время (TT)60035.47862600105Матрица прецессии[[ 9.99983935e-01 -5.19877478e-03 -2.25905925e-03]
 [ 5.19877478e-03  9.99986486e-01 -5.87245194e-06]
 [ 2.25905925e-03 -5.87198267e-06  9.99997448e-01]]Матрица нутации[[ 9.99999999e-01  4.50525647e-05  1.95298534e-05]
 [-4.50518072e-05  9.99999998e-01 -3.87827856e-05]
 [-1.95316006e-05  3.87819057e-05  9.99999999e-01]]Гринвическое истинное звёздное время150.82915725641794Матрица вращения Земли[[ 0.99946508  0.03270405  0.        ]
 [-0.03270405  0.99946508  0.        ]
 [ 0.          0.          1.        ]]Матрица преобразования от небесной СК к истинной экваториальной СК[[ 9.99984212e-01 -5.15372293e-03 -2.23952971e-03]
 [ 5.15363608e-03  9.99986719e-01 -4.45533638e-05]
 [ 2.23972958e-03  3.30109393e-05  9.99997491e-01]]Обратная матрица преобразований[[ 9.99984212e-01  5.15363608e-03  2.23972958e-03]
 [-5.15372293e-03  9.99986719e-01  3.30109393e-05]
 [-2.23952971e-03 -4.45533638e-05  9.99997491e-01]]Матрица перехода от небесной к земной СК[[ 9.99617844e-01  2.75526511e-02 -2.23978881e-03]
 [-2.75526559e-02  9.99620353e-01  2.87121636e-05]
 [ 2.23972958e-03  3.30109393e-05  9.99997491e-01]]